2.066576
6.339047
7.407166
8.661043
9.868481
11.12236
12.30658
13.09605
13.65333
18.36698
19.38866
20.15492
20.78186
21.4088
21.9893
23.10386
23.70757
24.31129
24.93823
25.54195
26.12245
26.74939
28.56054
29.11782
30.30204
31.50948
32.74014
33.94757
35.10857
36.36245
37.56989
38.22005
38.84698
39.40426
40.00798
41.12254
41.79592
42.39964
42.98014
43.53741
44.18757
44.79129
45.37179
46.04517
46.60245
47.20617
47.78667
48.39038
48.9941
49.59782
50.1551
50.8517
53.19691
53.82386
54.45079
55.05451
55.65823
56.28517
56.93533
57.44617
58.0731
58.67683
59.28054
59.83782
60.48798
61.69542
62.27592
62.87964
63.46014
64.06386
64.62113
65.22485
66.29297
67.52363
68.66141
69.42767
70.0546